3 13 4 0 0 9 1 0 10 8 0 2 0 0 0 5
7 0 2 0 15 0 11 4 1 0 0 0 8 14 0 0
14 8 11 6 2 7 13 12 0 0 3 0 0 0 0 0
0 12 0 0 0 0 16 3 0 0 0 0 0 9 0 0
6 0 0 0 0 15 14 0 3 0 11 10 12 0 0 0
13 0 8 0 4 0 0 5 2 0 0 0 9 6 14 11
11 0 0 12 1 0 0 0 5 0 0 0 0 16 10 0
0 2 16 15 0 0 7 0 0 0 0 12 0 8 5 0
0 1 6 0 12 0 0 0 0 2 0 0 3 10 15 0
0 9 12 0 0 0 0 16 0 0 0 5 14 0 0 6
10 16 5 3 0 0 0 7 14 0 0 4 0 2 0 8
0 0 0 14 6 10 0 11 0 15 1 0 0 0 0 16
0 0 14 0 0 0 0 0 11 10 0 0 0 0 4 0
0 0 0 0 0 16 0 0 7 1 5 14 15 11 8 13
0 0 7 13 0 0 0 1 15 12 0 16 0 5 0 14
4 0 0 0 7 0 10 15 0 6 13 0 0 12 16 9