0 0 0 0 0 0 24 14 0 20 0 17 7 0 0 0 0 0 0 11 0 18 5 0 10
0 1 5 0 0 15 0 3 0 0 23 18 0 6 13 21 0 0 16 0 14 19 0 9 20
10 8 0 0 0 23 0 16 12 9 0 0 4 0 0 19 0 0 0 0 0 25 0 7 21
0 0 14 0 12 0 0 0 0 19 0 0 24 0 20 0 5 1 4 0 15 22 23 0 0
17 0 0 0 0 0 0 7 0 0 12 10 9 16 14 22 0 15 25 0 0 0 24 4 0
11 19 0 0 0 2 22 0 18 15 0 0 6 0 0 5 14 16 0 17 0 0 13 20 0
13 0 8 0 16 1 0 0 0 3 18 0 0 0 0 0 15 0 0 20 0 0 6 0 0
0 18 6 12 0 14 7 25 0 0 19 0 0 17 0 0 4 23 21 0 8 15 2 22 16
4 22 0 0 0 16 0 0 19 6 0 0 0 1 5 18 7 0 10 13 3 23 0 0 17
24 0 0 14 0 0 0 0 20 0 16 0 2 0 0 8 3 0 12 0 0 21 10 18 0
0 25 0 7 10 0 0 15 0 0 0 0 16 13 0 0 21 20 0 0 0 0 0 2 0
0 0 0 4 0 0 3 2 0 0 21 0 23 0 6 24 0 25 7 0 0 0 12 15 0
0 0 9 0 0 0 0 0 14 0 0 19 3 8 0 0 23 0 0 0 0 0 21 0 0
0 13 23 0 0 0 16 5 0 7 10 0 22 0 15 0 0 8 3 0 0 20 0 0 0
0 15 0 0 0 0 0 22 23 0 0 25 17 0 0 0 0 6 0 0 18 3 0 16 0
0 10 21 25 0 0 9 0 2 4 0 0 1 0 24 0 17 0 0 0 0 14 0 0 5
2 0 0 8 6 7 23 0 15 16 3 9 0 0 0 20 25 0 0 10 0 0 0 13 1
14 3 16 19 17 0 20 24 11 0 0 21 0 0 18 0 0 2 23 8 0 9 15 10 0
0 0 22 0 0 25 0 0 8 0 0 0 0 0 4 16 0 0 0 24 23 0 17 0 2
0 20 13 0 0 6 0 17 3 14 0 0 8 0 0 15 12 0 22 9 0 0 0 11 24
0 23 15 0 0 0 17 19 0 24 2 6 20 3 9 0 0 10 0 0 0 0 0 0 11
0 0 4 18 8 0 6 10 16 0 5 0 15 0 0 23 0 0 0 0 1 0 3 0 0
22 6 0 10 0 0 0 0 0 23 0 0 14 0 0 4 24 11 0 16 0 0 0 21 12
9 17 0 3 2 0 1 0 0 11 8 23 0 4 12 0 0 13 0 25 0 0 22 5 0
21 0 7 20 0 9 0 0 0 0 0 0 19 11 0 17 0 3 1 0 0 0 0 0 0